1962080
15640818
6981456
14963691
4101798
819379
1069001
11795741
15252985
7205792
813426
4140650
14001687
14357461
9646654
8196854
2023452
16090702
7835163
12027708
13818105
9982022
13081718
16328207
15220008
2724024
5746094
8562934
5539921
5339701
2719950
13310028
2319870
717952
2664801
16500988
8481245
3543024
2828344
9870333
1707490
7424086
4015253
15162665
5489260
10056599
15910930
6541514
16226269
11154042
7166749
4990637
10486089
9861722
5180608
11250818
12795049
1578343
6255337
3740933
3267990
12459768
14836518
3552132
9835476
3799854
1465113
13119817
14339575
3546787
10311402
4188582
14778919
15289681
11095527
11403158
10543719
8618236
841365
6388285
11679489
7288997
14401137
9449978
11511696
10483017
6527580
12016467
8845735
12819985
7970523
4728206
11258507
755873
13780440
10298758
4263748
11805352
6127298
12939299
1291095
3965479
12724310
4030380
11925909
5198582
5072251
1098304
11353072
6761487
10533637
12702402
16233974
14016261
12042020
4296386
16320850
4258195
15214532
13008943
16350183
9614827
14882545
16598763
2546527
8508286
2178745
14748146
5849491
12990824
16493771
1410857
12543967
15687308
10833028
15303095
3802255
10937189
472989
4673123
8258712
16173105
4603448
10070379
12844125
6326484
10967403
7358228
10126279
5509127
12807138
11302231
9991123
1631963
6319507
3819276
1062363
13753740
10698188
9442641
11210240
6576295
13135180
9730063
10486477
16431948
13216847
15814663
7582382
14054885
2402765
989492
1244403
4590145
13325651
4378874
14894623
2353986
10424095
14448187
1093293
9447794
16551504
4984623
11642649
13311973
6587930
3641278
4371382
13641625
12547335
9938976
10434022
9055299
12312448
1506409
14282393
3268079
13339810
3698693
351835
5785681
5731773
1886508
5822967
7310540
11333767
14880236
10503821
8726618
222778
10521482
10753323
15465541
16683415
2211783
13622085
6799763
15787726
5732090
11557625
12041338
8146441
4380637
10484437
15573168
839486
2167676
11768016
13724349
5701551
10791627
14055021
14442113
9433675
13644118
11766868
1301047
15587280
8321667
526717
8376305
13456721
11330344
9342124
6531142
6916963
16019561
14368349
7557224
9877732
5874991
14758997
6954545
5303766
15756819
6651567
7927522
8861816
13329923
3543025
7293797
16098350
6054326
14108095
6727610
4459136
10216089
9528787
16317676
16422317
16507092
5411427
15779477
5021202
10728666
4139447
9543740
16558792
3281188
8408445
8179015
1668728
9015696
12615552
2701594
3098265
2186595
10248641
867895
12597431
3440642
4470598
15162286
4502171
13637868
2799830
4213272
10052233
9786119
9444527
8623493
16347103
12815057
15939951
8196722
13702591
8411348
6148819
11917720
2755702
5824090
5519733
8303582
4605574
6624349
4015507
5266713
4437846
3058837
7708388
1848423
8285845
16310413
10909890
515105
15095917
4470763
6234484
7148537
371381
13277986
12102901
5011194
1797666
5441625
12699304
7573061
252843
9888382
16609624
9060900
10706172
2645064
4180322
15834902
7538414
3280691
3754341
9125059
15677873
6674335
9217430
9079663
15976251
6348695
8588512
3713714
15819095
2490387
3078201
267114
12722288
12896562
4790238
9423051
5992172
6122303
12667658
5145157
2325939
7016776
8372308
7961515
10897662
14223508
10861389
1151870
2098280
928597
5199336
520846
8330658
13805238
12104213
6264186
4831709
8087997
12791928
14696816
1715840
14334262
3185723
15618965
12926270
12438154
8978731
13414186
4868648
15825241
1423262
3416845
15338175
13997935
10336614
11853226
4307830
1163741
13607621
12382131
4415621
15707639
14805634
2165751
1004340
5864277
3826559
12277456
14610740
15766032
16023713
13728560
4193216
7214110
1446057
11059242
8885177
1108692
4074111
2259246
3998192
2446476
8991387
718477
7082810
702157
3645331
10927354
4385260
14935360
1459577
10617554
12920231
2515600
345451
1219253
3555905
9114444
12881898
11009473
15557371
14088678
1275019
5709368
14512864
9880352
14923870
5517003
4512398
5695841
2084031
14963960
8520012
11999447
4729470
9903857
7837581
14627747
4171820
4061560
4009653
9773544
4748762
16009439
10422529
11901725
10865676
1919968
14889006
13550028
16209536
2736274
14407019
2035358
12580187
6434027
12946640
12077217
11865988
13274746
2106741
13018226
15191914
166369
944366
5468255
2434855
2984848
1303714
433510
6701473
9949625
2339116
6554266
14773171
7097654
2153105
4998773
10604884
11437343
16135078
4464241
11038624
2236774
15323834
1383798
8197126
5766264
12042470
3734440
7234348
1981701
11553840
4020871
7790075
8927401
1731049
12262779
1136887
6426581
7560791
7859596
15530084
9370800
16636914
1060159
7576258
14496496
14852892
662674
1161754
559058
833112
15149649
9812723
8624174
10554001
8338767
4119856
15929729
5800475
12403301
165613
15893103
8093573
7963044
7756604
303518
4566645
9337538
2942441
5857330
145409
13990998
3340735
10029401
4170022
7821428
13567836
1106775
15298602
13820122
7438200
13998659
492720
9300742
16452493
5153426
9118092
13110909
215811
13484746
16190020
14090946
11372670
6566497
13438014
1914023
2437802
454860
11063460
389395
16381106
1438977
15145699
740252
6436022
9241708
2133156
14808849
8263938
3269195
6278659
9747058
2264867
5846732
13986709
949178
8925705
13973983
11988663
12538000
13587728
16359910
12284753
8800489
12411217
11891600
8932383
13448844
10520525
7704617
6741793
3826598
3634646
5821307
11188909
12887964
15079646
12608514
11183165
7117240
15330047
8505524
8712105
15770241
11078092
7749893
15557671
4101170
3032224
14397169
8660741
7425573
11083304
4631008
9969288
2761687
4826674
9284910
5358825
2067388
5194645
1441724
3141612
7770642
13019853
9649309
4675576
5250498
193340
473411
13768186
1377889
14097158
10970344
4818134
15853702
5463931
5587187
16469365
3507677
5973323
15985698
3438291
9576107
15614011
9647082
10971583
5552098
7812322
694868
11367757
10398042
13205431
13251535
4571415
290913
5663513
6177301
5845185
3328374
1501470
305172
2405456
15992291
9442764
3244316
474616
2608282
10045927
15705137
5518400
4828894
1197532
11803953
13175132
245301
11744815
13611527
5943963
493384
12640176
4817773
8736755
10893965
15257606
2259225
7694206
16610578
599905
16728369
13688549
3143400
2461948
6988993
9584737
2156422
6021540
12668879
15334954
11939780
14886104
2819354
9775283
6054681
6138394
3259701
11501118
14809926
8446914
864183
16623563
13168825
12064539
14785956
9364587
5667789
5663187
9101032
8981385
11853102
13937299
8799177
11445404
1448926
16460111
9041835
14451256
10336904
11691803
7437874
9026356
15489601
1352829
14120955
893469
15027005
11413470
4983425
10964205
12401302
998240
2726052
2287684
3400679
13144422
12881998
2569779
4926510
3156293
14231375
11711458
452175
170234
14763818
4302584
14820986
9727343
12551920
929538
1260975
11876247
13692058
1444741
12113873
6547918
5234234
4878516
4864466
9561390
4776087
8427061
4919526
6816260
11060558
5042298
5164046
8515646
663642
770474
8852655
4551864
8273236
7544372
4456111
3714399
10053891
7738975
12722700
2230384
4580892
9149772
8881360
6410734
2493672
12608047
10447362
1570018
15548291
7486794
15365700
5117019
3471376
1794998
4305609
438545
1920438
9590177
6729856
14312522
2884023
8761107
1254785
6094361
16396565
7579113
2157359
12956704
8583763
11486469
5911004
5285372
14166994
5392192
14439519
681220
4450038
13498594
10752126
8090960
2107638
13145868
9207280
14347800
9866377
3167578
12794478
5666352
11018763
8539880
12159797
16600788
3591876
8139661
13248857
942656
1817085
14694626
1893225
7881807
882770
10660719
15524342
3973424
12914038
11672285
6042361
9310314
10863363
12740589
11020117
12122249
6230609
16027454
7289648
13035933
15689872
6798552
14533488
3625257
3008853
15240368
9491794
1106266
5842364
15147024
15601335
11052620
6307560
12081716
16294842
9844430
9595740
12507876
14405108
9326969
13058271
3905593
15675632
14131958
2652704
4451377
12360522
16217651
11979036
8119031
12169828
7090877
8869774
3417902
10181790
14634947
8988195
15818191
3754425
7977775
6941727
3841643
14272307
11965185
3368022
9581286
11892042
8641387
4336611
10444276
15441359
5502318
5121023
3128759
8807895
1300320
15494297
1989414
15348768
5388935
4186583
15971036
10888449
1269255
16776629
15946779
2936777
12642206
7872821
1909448
6610323
3507481
14071843
2563132
7912652
8515107
5054610
6336684
8858655
8252410
494931
296686
15620260
16661420
9808527
1884744
1123343
2625248
16457318
16106706
15660259
1519274
1322787
7981278
15575711
7494365
4658666
15113115
10895250
13463053
9411110
9178886
7597786
9931496
8740890
5792752
15392048
3445202
14636510
11252385
6298403
16465268
749319
13773917
3870087
2255286
2789818
433571
11199059
16288198
16611730
2474951
7311926
14843661
4931313
13462515
344064
1221525
3806643
6275430
14195505
12234230
14237216
3487771
1878252
2249493
1552356
9364411
15219468
418277
16511651
13059078
7732786
3354384
4010795
11031426
7721547
5185739
3660238
11296387
7265089
15015451
11777706
3308316
1834657
696262
7134635
12370389
9128990
633742
11679523
12793450
11724870
11443115
9102460
5894908
16228109
13186142
2507862
10887833
4932946
16457545
11704218
8185085
5298730
3397474
6888368
6867159
4003918
11845831
4490721
7163620
6185708
16739385
9431847
8667758
5115096
12955374
14589795
3522237
10001208
10652503
5236930
14207047
12608161
14689990
5607803
15367994
8428797
5171553
15043753
353093
5674125
12261721
7390199
11526467
14209774
3338101
5999924
6071937
1529670
15100155
12624259
3597884
16708192
9671017
277980
11861975
10168332
13186298
13987581
9937694
3657693
6548158
9216894
14008010
4092434
11151881
14237415
3866687
14593405
401977
12186085
15824185
3624487
15056188
2066330
8500465
15988604
6978533
9451505
5949654
4460046
5543692
16288871
1870265
1763637
6445183
15974753
929773
14164532
9650972
3941212
12978016
11553275
15411447
11282071
12281709
4027952
9009459
11954886
8766604
3430109
11211801
3023949
6206374
3087799
9503555
7977780
6520624
1901553
2241538
15869605
7745744
14489967
15885263
14519312
16652927
1312025
2615413
15004800
11049919
1448026
1830808
1710733
6714785
1934307
4178610
15341958
8064717
6514731
9637091
11561986
14670581
11734410
12125929
14716618
8794740
16434252
4504129
2604664
11109119
8395163
5285604
2601856
12014737
13590768
10378787
3187580
13783518
7901018
14283014
4515999
13155532
748775
5124135
16440052
14389613
11789664
15332919
8328173
6449196
12145298
14109808
8097048
15791577
3464343
11854048
15003739
727356
15875515
1224938
638023
1553894
3042561
6889100
14639890
6249944
2218398
10486733
8696016
16116628
2769010
3429709
6950444
13291269
8509421
14225999
13875831
8703352
6950074
9282949
15207300
5464808
1351460
3765702
10349762
892003
10044491
503843
16587644
15281220
5209067
3849516
5076183
14310582
12184048
12534013
13018418
3036802
1433307
15652951
11194630
2924040
11000216
15553633
12953356
4821188
3050873
13390273
14060460
10596192
4689349
4355694
862207
4353532
8993434
3023682
16000163
2271681
10899115
13382239
5495699
15303547
3455004
14786961
12226023
9549382
15846791
1404764
7044082
3883780
10608937
10492392
15337878
10674305
947269
5255148
12115716
14856395
7961046
8604849
14045442
8626531
1058544
6697134
10026243
8268149
8883824
16379790
5289461
727654
11983369
3431014
1376352
14839669
15292987
6017170
12347620
11908142
1128006
12378886
12585088
13576934
12282612
136227
10565670
10714985
2459589
7295181
9996840
3533377
13276129
6772281
10286575
6902305
10906700
4741645
4270601
4425206
16076982
14366587
11484210
11085633
14358927
13358025
8359780
7834728
13268519
8064508
10911511
1098113
15903252
15763636
11206174
13504324
15825762
15470850
12339248
4980356
2794689
12249520
6457666
7327402
12469585
157358
12520988
10134098
12511388
3281015
3629136
1266222
15739355
10090980
10118595
7057146
14306247
6587511
14621519
11862822
6676225
8646215
12207060
10131340
14783056
11901325
1702659
2150208
15087388
13363122
9547446
15124782
11396811
4528044
10212420
2047461
13756676
14363136
7510674
4071557
4895837
5579290
8507080
5781081
9908341
1627519
1553066
10022192
10004271
14552151
15679854
2160668
5689463
2241520
6917282
6693009
5025244
15397453
2541392
11205258
1503002
13117807
9513957
6697111
2235371
4620512
14690990
9866282
745290
11758613
14144737
6230749
3048151
1794947
9827323
13901237
7355153
4990147
12187950
491444
6454459
9388773
3165459
10627147
5582352
15796957
5275495
15427713
1341735
16525400
13531638
5738964
7699826
11398239
5821129
6371328
8364585
7368971
10119681
9262596
571443
8250149
5177426
12127946
12657957
5325750
12506620
5639686
14813184
2897855
6008969
10140099
10326123
9745099
10617092
15250501
16013431
2367919
7603866
6724539
14322746
11361497
11633573
9680207
6813727
210031
10442485
4402931
10812189
7697452
6851108
5767755
1504217
12212245
3555601
11804360
9339714
12230221
14000211
3239180
4602652
764918
14418320
3228998
6399952
11867010
8226534
11147563
10524871
10527016
3787623
9769928
14216903
9096673
5873590
15483177
8763858
13040178
8691758
203139
12981622
5599003
11681748
5501477
11327662
10300629
12089687
1734171
13896471
8571797
12822502
898051
143775
15131197
9936230
5181961
7163548
3981547
4424873
5199780
4334044
5308796
10008031
8745490
11559472
8201599
9874200
2578442
12239035
7720886
11772954
16246408
9260168
15349289
15418639
16342781
15130565
8470716
1191065
438918
5608835
716456
5428457
7442715
4697059
2855573
14834206
3904251
774441
5714156
13064181
9193695
2402197
14859705
1241893
13355176
13279637
16352990
6906175
6347660
3826519
10494822
15500779
5403607
5971419
4039095
16664449
1828483
7288609
3355360
12937394
9546766
14795116
10322311
13071047
10516216
14699832
5733897
3577202
15026539
5467403
7694089
11040661
6496652
9210923
11855129
14188952
12374258
12425185
5921120
15662857
12899003
12606265
13574372
6683656
9592963
3118257
794838
6913262
12502181
6085120
8847992
6927631
11850417
3458245
9051964
13788689
3775020
9499050
2834058
6905190
3120702
5683099
2778629
11205344
467670
8692596
4098660
12796670
1650804
3181528
13095354
15387570
4243084
12133849
733155
8846272
12102935
11824024
2148832
8510879
3652494
9355047
13045044
5572573
14686756
8434593
1084400
4245604
2186417
9034190
11547846
9723641
133424
11287164
696187
9193260
3111269
5868597
9703752
7443637
11651973
12861979
6109458
5015480
12377185
11058014
9376008
9153260
7940559
15918067
14805271
7341264
13609372
15998253
7039896
14467379
13792144
6044984
12057356
16640607
3811180
8039570
12882956
694991
13207056
15156787
1139066
12247861
5589585
5349228
8411577
3304920
9709067
9377086
13627928
4899279
7493244
7773036
4364482
7903142
897753
2511749
11078975
4962071
11783526
5162184
10660700
9153597
2479436
5955322
9409358
15776643
6271390
11489026
8948770
15392734
13195258
7273126
213537
8548488
5500457
1602970
10537289
2622320
1561149
8782797
5585957
9441735
11494017
536558
4720676